
Sequential
Starting parallel pool (parpool) using the 'local' profile ... connected to 4 workers.
                                                          Norm of First-order
 Iter F-count            f(x) Feasibility  Steplength        step  optimality
    0       8    4.237667e+02   0.000e+00                           1.358e+07
    1      27    4.232935e+02   0.000e+00   1.977e-02   7.129e-04   4.162e+07
    2      46    4.232935e+02   0.000e+00   1.140e-03   3.759e-05   4.162e+07

<a href = "matlab: helpview([docroot '/toolbox/optim/msg_csh/optim_msg_csh.map'],'local_min_poss_with_constr','CSHelpWindow');">Local minimum possible. Constraints satisfied</a>.

fmincon stopped because the <a href = "matlab: helpview([docroot '/toolbox/optim/msg_csh/optim_msg_csh.map'],'norm_curr_step_simple_fminconip','CSHelpWindow');">size of the current step</a> is less than
the default value of the <a href = "matlab: helpview([docroot '/toolbox/optim/msg_csh/optim_msg_csh.map'],'step_size_tol','CSHelpWindow');">step size tolerance</a> and constraints are 
satisfied to within the default value of the <a href = "matlab: helpview([docroot '/toolbox/optim/msg_csh/optim_msg_csh.map'],'constraint_tolerance','CSHelpWindow');">constraint tolerance</a>.

<<a href = "matlab: createExitMsg('sqpLineSearch',2.000000e+00,true,true,'fmincon',8.551700e-07,'default',1.000000e-06,0.000000e+00,'default',1.000000e-06,0.000000e+00,'',0.000000e+00);">stopping criteria details</a>>

                                                          Norm of First-order
 Iter F-count            f(x) Feasibility  Steplength        step  optimality
    0       1    3.911192e+03   4.671e+00                           1.176e+03
    1       7    3.590580e+03   3.886e+00   1.681e-01   1.871e+01   1.581e+03
    2      15    3.215026e+03   3.566e+00   8.235e-02   2.508e+01   3.350e+03
    3      22    3.008758e+03   3.146e+00   1.176e-01   5.413e+01   2.701e+03
    4      31    2.303695e+03   2.965e+00   5.765e-02   2.359e+01   1.245e+03
    5      41    2.083396e+03   2.845e+00   4.035e-02   1.182e+01   1.465e+03
    6      50    1.848812e+03   2.681e+00   5.765e-02   6.768e+00   1.118e+03
    7      58    1.730562e+03   2.460e+00   8.235e-02   1.070e+01   1.472e+03
    8      66    1.519669e+03   2.258e+00   8.235e-02   1.938e+01   1.396e+03
    9      75    1.481879e+03   2.128e+00   5.765e-02   1.492e+01   1.744e+03
   10      84    1.483334e+03   2.005e+00   5.765e-02   1.631e+01   1.197e+03
   11      93    1.434904e+03   1.889e+00   5.765e-02   1.208e+01   9.388e+02
   12     101    1.407357e+03   1.734e+00   8.235e-02   1.327e+01   9.056e+02
   13     110    1.381641e+03   1.634e+00   5.765e-02   9.507e+00   1.261e+03
   14     118    1.246840e+03   1.499e+00   8.235e-02   8.213e+00   1.095e+03
   15     126    1.197313e+03   1.376e+00   8.235e-02   1.142e+01   8.545e+02
   16     134    1.171806e+03   1.262e+00   8.235e-02   1.524e+01   1.053e+03
   17     143    9.644167e+02   1.190e+00   5.765e-02   1.083e+01   7.836e+02
   18     151    8.844811e+02   1.092e+00   8.235e-02   1.300e+01   9.469e+02
   19     160    7.853468e+02   1.029e+00   5.765e-02   9.601e+00   7.574e+02
   20     169    6.741083e+02   9.695e-01   5.765e-02   6.689e+00   5.745e+02
   21     178    6.324584e+02   9.136e-01   5.765e-02   7.221e+00   6.644e+02
   22     186    5.773149e+02   8.384e-01   8.235e-02   8.100e+00   8.040e+02
   23     195    5.624814e+02   7.900e-01   5.765e-02   6.733e+00   6.050e+02
   24     204    4.792800e+02   7.445e-01   5.765e-02   5.958e+00   5.408e+02
   25     213    3.981191e+02   7.016e-01   5.765e-02   6.657e+00   4.827e+02
   26     222    3.233604e+02   6.611e-01   5.765e-02   5.719e+00   4.041e+02
   27     231    2.904005e+02   6.230e-01   5.765e-02   6.073e+00   3.442e+02
   28     240    2.610530e+02   5.871e-01   5.765e-02   4.863e+00   4.260e+02
   29     249    2.250208e+02   5.533e-01   5.765e-02   4.699e+00   3.337e+02
   30     258    1.905399e+02   5.214e-01   5.765e-02   3.283e+00   2.629e+02

                                                          Norm of First-order
 Iter F-count            f(x) Feasibility  Steplength        step  optimality
   31     267    1.687107e+02   4.913e-01   5.765e-02   3.340e+00   2.955e+02
   32     276    1.438896e+02   4.630e-01   5.765e-02   2.848e+00   2.755e+02
   33     285    1.342016e+02   4.363e-01   5.765e-02   3.603e+00   2.507e+02
   34     293    1.278367e+02   4.004e-01   8.235e-02   4.062e+00   3.312e+02
   35     301    1.208484e+02   3.674e-01   8.235e-02   4.534e+00   3.123e+02
   36     309    1.065232e+02   3.371e-01   8.235e-02   3.711e+00   2.056e+02
   37     318    9.941863e+01   3.177e-01   5.765e-02   2.984e+00   1.958e+02
   38     326    8.376280e+01   2.915e-01   8.235e-02   2.597e+00   2.088e+02
   39     335    7.661752e+01   2.747e-01   5.765e-02   2.072e+00   2.006e+02
   40     344    6.539322e+01   2.589e-01   5.765e-02   2.133e+00   1.883e+02
   41     353    6.196424e+01   2.440e-01   5.765e-02   2.438e+00   1.649e+02
   42     362    5.810221e+01   2.299e-01   5.765e-02   2.164e+00   1.839e+02
   43     371    5.100023e+01   2.166e-01   5.765e-02   1.790e+00   1.700e+02
   44     380    5.169525e+01   2.042e-01   5.765e-02   2.073e+00   1.341e+02
   45     389    4.725145e+01   1.924e-01   5.765e-02   1.620e+00   1.433e+02
   46     398    4.407250e+01   1.813e-01   5.765e-02   1.387e+00   1.089e+02
   47     407    4.187237e+01   1.708e-01   5.765e-02   1.267e+00   1.139e+02
   48     416    3.919683e+01   1.610e-01   5.765e-02   1.195e+00   8.731e+01
   49     425    3.689056e+01   1.517e-01   5.765e-02   1.098e+00   1.086e+02
   50     434    3.423660e+01   1.430e-01   5.765e-02   1.043e+00   9.653e+01
   51     443    3.183533e+01   1.347e-01   5.765e-02   1.092e+00   7.500e+01
   52     450    2.979633e+01   1.189e-01   1.176e-01   1.595e+00   1.069e+02
   53     458    2.674347e+01   1.091e-01   8.235e-02   1.204e+00   1.251e+02
   54     466    2.686000e+01   1.001e-01   8.235e-02   1.315e+00   1.372e+02
   55     474    2.620576e+01   9.186e-02   8.235e-02   1.266e+00   9.636e+01
   56     482    2.453370e+01   8.430e-02   8.235e-02   9.490e-01   9.258e+01
   57     490    2.384846e+01   7.735e-02   8.235e-02   1.053e+00   9.524e+01
   58     499    2.330535e+01   7.289e-02   5.765e-02   9.177e-01   8.275e+01
   59     509    2.221563e+01   6.995e-02   4.035e-02   7.064e-01   7.314e+01
   60     518    2.143895e+01   6.592e-02   5.765e-02   6.653e-01   5.426e+01

                                                          Norm of First-order
 Iter F-count            f(x) Feasibility  Steplength        step  optimality
   61     528    2.093140e+01   6.326e-02   4.035e-02   5.444e-01   5.848e+01
   62     538    2.072324e+01   6.071e-02   4.035e-02   4.322e-01   4.444e+01
   63     548    2.063934e+01   5.826e-02   4.035e-02   4.628e-01   4.720e+01
   64     556    2.072669e+01   5.346e-02   8.235e-02   6.306e-01   4.427e+01
   65     564    2.061280e+01   4.906e-02   8.235e-02   4.998e-01   4.160e+01
   66     571    2.085391e+01   4.329e-02   1.176e-01   5.991e-01   4.961e+01
   67     577    2.084855e+01   3.601e-02   1.681e-01   6.955e-01   5.323e+01
   68     584    2.038287e+01   3.177e-02   1.176e-01   5.987e-01   6.096e+01
   69     591    1.989180e+01   2.804e-02   1.176e-01   7.899e-01   4.977e+01
   70     598    1.947955e+01   2.474e-02   1.176e-01   7.615e-01   8.663e+01
   71     606    1.890529e+01   2.270e-02   8.235e-02   7.070e-01   4.468e+01
   72     613    1.898396e+01   2.003e-02   1.176e-01   7.841e-01   4.872e+01
   73     622    1.865224e+01   1.887e-02   5.765e-02   3.845e-01   3.195e+01
   74     631    1.861084e+01   1.779e-02   5.765e-02   4.154e-01   2.951e+01
   75     639    1.869746e+01   1.632e-02   8.235e-02   4.517e-01   2.765e+01
   76     647    1.855800e+01   1.498e-02   8.235e-02   4.167e-01   3.375e+01
   77     654    1.851609e+01   1.322e-02   1.176e-01   5.413e-01   3.192e+01
   78     660    1.834853e+01   1.099e-02   1.681e-01   5.671e-01   2.741e+01
   79     666    1.835653e+01   9.147e-03   1.681e-01   4.382e-01   2.637e+01
   80     673    1.822583e+01   8.071e-03   1.176e-01   4.107e-01   2.909e+01
   81     680    1.791429e+01   7.121e-03   1.176e-01   4.029e-01   2.764e+01
   82     686    1.790211e+01   5.924e-03   1.681e-01   5.720e-01   2.370e+01
   83     693    1.781189e+01   5.227e-03   1.176e-01   4.249e-01   2.312e+01
   84     699    1.764480e+01   4.349e-03   1.681e-01   5.488e-01   2.758e+01
   85     705    1.744980e+01   3.618e-03   1.681e-01   5.196e-01   2.743e+01
   86     712    1.728119e+01   3.192e-03   1.176e-01   3.353e-01   2.586e+01
   87     720    1.714199e+01   2.929e-03   8.235e-02   2.655e-01   1.933e+01
   88     728    1.704763e+01   2.688e-03   8.235e-02   3.122e-01   2.008e+01
   89     736    1.703774e+01   2.467e-03   8.235e-02   2.675e-01   1.208e+01
   90     745    1.700769e+01   2.324e-03   5.765e-02   1.391e-01   8.642e+00

                                                          Norm of First-order
 Iter F-count            f(x) Feasibility  Steplength        step  optimality
   91     752    1.697716e+01   2.051e-03   1.176e-01   2.347e-01   1.110e+01
   92     757    1.687167e+01   1.559e-03   2.401e-01   3.131e-01   1.214e+01
   93     762    1.672790e+01   1.184e-03   2.401e-01   2.522e-01   1.142e+01
   94     769    1.667575e+01   1.045e-03   1.176e-01   1.523e-01   1.007e+01
   95     778    1.666563e+01   9.848e-04   5.765e-02   1.026e-01   7.988e+00
   96     787    1.666845e+01   9.280e-04   5.765e-02   1.083e-01   7.682e+00
   97     794    1.663537e+01   8.188e-04   1.176e-01   1.653e-01   6.025e+00
   98     799    1.661937e+01   6.222e-04   2.401e-01   2.560e-01   1.164e+01
   99     803    1.660818e+01   4.088e-04   3.430e-01   2.428e-01   1.257e+01
  100     809    1.658344e+01   3.401e-04   1.681e-01   1.524e-01   1.209e+01
  101     821    1.658239e+01   3.334e-04   1.977e-02   3.241e-02   1.089e+01
  102     834    1.658241e+01   3.288e-04   1.384e-02   2.551e-02   1.052e+01
  103     845    1.657870e+01   3.195e-04   2.825e-02   4.753e-02   8.725e+00
  104     854    1.656815e+01   3.010e-04   5.765e-02   7.822e-02   7.974e+00
  105     861    1.655077e+01   2.656e-04   1.176e-01   1.365e-01   1.369e+01
  106     868    1.652171e+01   2.344e-04   1.176e-01   1.183e-01   6.523e+00
  107     875    1.650239e+01   2.068e-04   1.176e-01   8.885e-02   6.193e+00
  108     882    1.648440e+01   1.825e-04   1.176e-01   8.636e-02   5.034e+00
  109     893    1.648463e+01   1.773e-04   2.825e-02   1.847e-02   4.776e+00
  110     955    1.648463e+01   1.773e-04   1.578e-05   9.056e-06   4.776e+00

<a href = "matlab: helpview([docroot '/toolbox/optim/msg_csh/optim_msg_csh.map'],'no_feasible_point','CSHelpWindow');">Converged to an infeasible point</a>.

fmincon stopped because the <a href = "matlab: helpview([docroot '/toolbox/optim/msg_csh/optim_msg_csh.map'],'norm_curr_step_simple_fminconip','CSHelpWindow');">size of the current step</a> is less than
the default value of the <a href = "matlab: helpview([docroot '/toolbox/optim/msg_csh/optim_msg_csh.map'],'step_size_tol','CSHelpWindow');">step size tolerance</a> but constraints are not
satisfied to within the default value of the <a href = "matlab: helpview([docroot '/toolbox/optim/msg_csh/optim_msg_csh.map'],'constraint_tolerance','CSHelpWindow');">constraint tolerance</a>.

<<a href = "matlab: createExitMsg('sqpLineSearch',-2.200000e+01,true,true,'fmincon',9.019041e-07,'default',1.000000e-06,3.796405e-05,'default',1.000000e-06,0.000000e+00,'',0.000000e+00);">stopping criteria details</a>>

